[gd_scene format=3 uid="uid://denffo8rxo8de"]

[ext_resource type="PackedScene" uid="uid://b68s7hk73xlvo" path="res://assets/entities/player/peach.tscn" id="1_kk00r"]
[ext_resource type="PackedScene" uid="uid://sxmyd0oloplv" path="res://assets/UI/some_label.tscn" id="2_dbe2u"]
[ext_resource type="PackedScene" uid="uid://dt6b8y4kekp6r" path="res://assets/entities/log/Log.glb" id="3_w86cu"]
[ext_resource type="PackedScene" uid="uid://mlfwodnp0lg1" path="res://assets/entities/tree/PeachTree.glb" id="4_vlrf3"]
[ext_resource type="PackedScene" uid="uid://bda2ij1hac5bx" path="res://assets/entities/rock/Rock.glb" id="5_nmpkd"]
[ext_resource type="PackedScene" uid="uid://cnm221jer7hl3" path="res://assets/entities/Tracks/base_track.tscn" id="6_vlrf3"]

[node name="Node3D" type="Node3D" unique_id=374832989]

[node name="Peach" parent="." unique_id=1399737280 instance=ExtResource("1_kk00r")]
transform = Transform3D(0.977732, -0.20985746, 0, 0.20985746, 0.977732, 0, 0, 0, 1, -6.1775494, -2.9433887, -0.50282145)

[node name="UI" parent="Peach" unique_id=1001404057 instance=ExtResource("2_dbe2u")]

[node name="DirectionalLight3D" type="DirectionalLight3D" parent="." unique_id=1031799086]
transform = Transform3D(1, 0, 0, 0, 0.86649626, 0.4991836, 0, -0.4991836, 0.86649626, 0.059871674, 2.641977, 3.1471198)

[node name="Log" parent="." unique_id=509347276 instance=ExtResource("3_w86cu")]
transform = Transform3D(-0.98666805, -0.013774533, 0.16216159, -0.023241833, 0.99812466, -0.05663031, -0.16107738, -0.059644252, -0.9851378, 9.462276, -20.979149, -47.288715)

[node name="PeachTree" parent="." unique_id=1528841445 instance=ExtResource("4_vlrf3")]
transform = Transform3D(0.9990703, 0.04311374, 0, -0.04311374, 0.9990703, 0, 0, 0, 1, -4.5505857, -5.7691708, -2.7093878)

[node name="Rock" parent="." unique_id=1130606040 instance=ExtResource("5_nmpkd")]
transform = Transform3D(-0.43948466, 0, -0.8982501, 0, 1, 0, 0.8982501, 0, -0.43948466, -3.8108215, -15.429573, -32.07746)

[node name="BaseTrack" parent="." unique_id=2101440671 instance=ExtResource("6_vlrf3")]
transform = Transform3D(1, 0, 0, 0, 1, 0, 0, 0, 1, 1.9045467, 1.8167963, -27.45845)
